0 0.98503713
2 0.97762056
4 0.98005663
6 0.98184363
8 0.97050125
10 0.97531604
12 0.97725506
14 0.96465219
16 0.96987148
18 0.96884158
20 0.95801695
22 0.94333575
24 0.94878836
26 0.93195182
28 0.93021666
30 0.92318423
32 0.90793595
34 0.89434556
36 0.88418551
38 0.87707596
40 0.86006639
42 0.83976377
44 0.81366620
46 0.78879346
48 0.78564114
50 0.76709207
52 0.77532198
54 0.78769563
56 0.81631938
58 0.81653565
60 0.84750781
62 0.84505430
64 0.87466482
66 0.89666668
68 0.90592571
70 0.92738551
72 0.93612291
74 0.93321416
76 0.92654812
78 0.94741184
80 0.95160715
82 0.96335671
84 0.96024231
86 0.96708604
88 0.97123872
90 0.96952523
92 0.98452577
94 0.97573746
96 0.97925064
98 0.98409253
100 0.97768282
102 0.97322106
104 0.98164156
106 0.99194938
108 0.98721817
110 0.98688551
112 0.98810385
114 0.97789409
116 0.98846266
118 0.99588730
120 0.99397908
122 0.99449475
124 0.99694316
126 0.99605664
128 0.98854232
130 0.98795403
132 0.98227038
134 1.00023344
136 1.00013213
138 0.99265800
140 0.99351205
142 1.00042954
144 0.99190106
146 0.99735345
148 0.99517040
150 1.00468017
152 0.98946771
154 0.98933833
156 1.00088384
158 0.99148223
160 0.99486805
162 0.99191440
164 0.99372983
166 1.00078415
168 1.00116229
170 0.99902031
172 0.99489629
174 0.99666289
176 0.99646399
178 0.98795853
180 0.99553439
182 0.99159304
184 0.98854173
186 1.00668673
188 1.00098243
190 0.98922394
192 0.98953641
194 1.01097314
196 0.99704395
198 0.99175878
200 1.00641772
